0 0 1 1
0 0 0 0

48 4 
0 0 
0 0 
4 0 
0 0

0 1 2 3 4 8 9 10 11 12 16 17 18 19 20 24 0 1 2 3 4 8 9 10 11 12 16 17 18 19 20 24 
25 26 27 28 32 33 34 35 25 26 27 28 32 33 34 35 36 36 0 0 0 0 0 0 0 0 0 0 0 0 0 0   


0 0 0 0 0 0 0 0 0 0 0 0 0 0 0 0 0 0 0 0 0 0 0 0 0 0 0 0 0 0 0 0 
0 0 0 0 0 0 0 0 0 0 0 0 0 0 0 0 0 0 0 0 0 0 0 0 0 0 0 0 0 0 0 0 

1 1 1 1 1 1 1 1 1 1 1 1 1 1 1 1 1 1 1 1 1 1 1 1 1 1 1 1 1 1 1 1
1 1 1 1 1 1 1 1 1 1 1 1 1 1 1 1 1 1 1 0 0 0 0 0 0 0 0 0 0 0 0 0 

1 1 1 1 1 1 1 1 1 1 1 1 1 1 1 1
1 1 1 1 1 1 1 1 0 0 0 0 0 0 0 0 

1 1 1 1 1 1 1 1
1 1 1 1 0 0 0 0 

1 1 1 1 1 1 0 0
 
1 1 
0 0

19 
