0 0 1 0
0 0 0 0

32 0 0 0 0 0 0 0 0 0
0 1 2 8 9 10 16 17 0 1 2 8 9 10 16 17 0 1 2 8 9 10 16 17 0 1 2 8 9 10 16 17
18 18 18 18 0 0 0 68 0 4 8 32 36 40 64 68 72 72 0 0 0 0 0 0 0 0 0 0 0 0 0 0

0 0 0 0 0 0 0 0 0 0 0 0 0 0 0 0 0 0 0 0 0 0 0 0 0 0 0 0 0 0 0 0 
0 0 0 0 0 0 0 0 0 0 0 0 0 0 0 0 0 0 0 0 0 0 0 0 0 0 0 0 0 0 0 0 

1 1 1 1 1 1 1 1 1 1 1 1 1 1 1 1 1 1 1 1 1 1 1 1 1 1 1 1 1 1 1 1 
1 1 1 1 1 1 1 0 0 0 0 0 0 0 0 0 0 0 0 0 0 0 0 0 0 0 0 0 0 0 0 0 

1 1 1 1 1 1 1 1 1 1 1 1 1 1 1 1
0 0 0 0 0 0 0 0 0 0 0 0 0 0 0 0 
1 1 1 1 1 1 1 1
0 0 0 0 0 0 0 0 
1 1 1 1
0 0 0 0 
0 0 
0 0

21 
