     99 
    108 
    117 
    126 
    135 
    144 
    153 
    162 
    171 
    180 
    189 
    198 
    207 
    216 
    108 
    126 
    144 
    162 
    180 
    198 
    216 
    234 
    252 
    270 
    288 
    306 
    324 
    342 
    117 
    144 
    171 
    198 
    225 
    252 
    279 
    306 
    333 
    360 
    387 
    414 
    441 
    468 
    126 
    162 
    198 
    234 
    270 
    306 
    342 
    378 
    414 
    450 
    486 
    522 
    558 
    594 
    135 
    180 
    225 
    270 
    315 
    360 
    405 
    450 
    495 
    540 
    585 
    630 
    675 
    720 
    144 
    198 
    252 
    306 
    360 
    414 
    468 
    522 
    576 
    630 
    684 
    738 
    792 
    846 
    153 
    216 
    279 
    342 
    405 
    468 
    531 
    594 
    657 
    720 
    783 
    846 
    909 
    972 
    162 
    234 
    306 
    378 
    450 
    522 
    594 
    666 
    738 
    810 
    882 
    954 
   1026 
   1098 
    171 
    252 
    333 
    414 
    495 
    576 
    657 
    738 
    819 
    900 
    981 
   1062 
   1143 
   1224 
    180 
    270 
    360 
    450 
    540 
    630 
    720 
    810 
    900 
    990 
   1080 
   1170 
   1260 
   1350 
    189 
    288 
    387 
    486 
    585 
    684 
    783 
    882 
    981 
   1080 
   1179 
   1278 
   1377 
   1476 
    198 
    306 
    414 
    522 
    630 
    738 
    846 
    954 
   1062 
   1170 
   1278 
   1386 
   1494 
   1602 
    207 
    324 
    441 
    558 
    675 
    792 
    909 
   1026 
   1143 
   1260 
   1377 
   1494 
   1611 
   1728 
    216 
    342 
    468 
    594 
    720 
    846 
    972 
   1098 
   1224 
   1350 
   1476 
   1602 
   1728 
   1854 
