     99     99     99 
    108    108    108 
    117    117    117 
    126    126    126 
    135    135    135 
    144    144    144 
    153    153    153 
    162    162    162 
    171    171    171 
    180    180    180 
    189    189    189 
    198    198    198 
    207    207    207 
    216    216    216 
    108    108    108 
    126    126    126 
    144    144    144 
    162    162    162 
    180    180    180 
    198    198    198 
    216    216    216 
    234    234    234 
    252    252    252 
    270    270    270 
    288    288    288 
    306    306    306 
    324    324    324 
    342    342    342 
    117    117    117 
    144    144    144 
    171    171    171 
    198    198    198 
    225    225    225 
    252    252    252 
    279    279    279 
    306    306    306 
    333    333    333 
    360    360    360 
    387    387    387 
    414    414    414 
    441    441    441 
    468    468    468 
    126    126    126 
    162    162    162 
    198    198    198 
    234    234    234 
    270    270    270 
    306    306    306 
    342    342    342 
    378    378    378 
    414    414    414 
    450    450    450 
    486    486    486 
    522    522    522 
    558    558    558 
    594    594    594 
    135    135    135 
    180    180    180 
    225    225    225 
    270    270    270 
    315    315    315 
    360    360    360 
    405    405    405 
    450    450    450 
    495    495    495 
    540    540    540 
    585    585    585 
    630    630    630 
    675    675    675 
    720    720    720 
    144    144    144 
    198    198    198 
    252    252    252 
    306    306    306 
    360    360    360 
    414    414    414 
    468    468    468 
    522    522    522 
    576    576    576 
    630    630    630 
    684    684    684 
    738    738    738 
    792    792    792 
    846    846    846 
    153    153    153 
    216    216    216 
    279    279    279 
    342    342    342 
    405    405    405 
    468    468    468 
    531    531    531 
    594    594    594 
    657    657    657 
    720    720    720 
    783    783    783 
    846    846    846 
    909    909    909 
    972    972    972 
    162    162    162 
    234    234    234 
    306    306    306 
    378    378    378 
    450    450    450 
    522    522    522 
    594    594    594 
    666    666    666 
    738    738    738 
    810    810    810 
    882    882    882 
    954    954    954 
   1026   1026   1026 
   1098   1098   1098 
    171    171    171 
    252    252    252 
    333    333    333 
    414    414    414 
    495    495    495 
    576    576    576 
    657    657    657 
    738    738    738 
    819    819    819 
    900    900    900 
    981    981    981 
   1062   1062   1062 
   1143   1143   1143 
   1224   1224   1224 
    180    180    180 
    270    270    270 
    360    360    360 
    450    450    450 
    540    540    540 
    630    630    630 
    720    720    720 
    810    810    810 
    900    900    900 
    990    990    990 
   1080   1080   1080 
   1170   1170   1170 
   1260   1260   1260 
   1350   1350   1350 
    189    189    189 
    288    288    288 
    387    387    387 
    486    486    486 
    585    585    585 
    684    684    684 
    783    783    783 
    882    882    882 
    981    981    981 
   1080   1080   1080 
   1179   1179   1179 
   1278   1278   1278 
   1377   1377   1377 
   1476   1476   1476 
    198    198    198 
    306    306    306 
    414    414    414 
    522    522    522 
    630    630    630 
    738    738    738 
    846    846    846 
    954    954    954 
   1062   1062   1062 
   1170   1170   1170 
   1278   1278   1278 
   1386   1386   1386 
   1494   1494   1494 
   1602   1602   1602 
    207    207    207 
    324    324    324 
    441    441    441 
    558    558    558 
    675    675    675 
    792    792    792 
    909    909    909 
   1026   1026   1026 
   1143   1143   1143 
   1260   1260   1260 
   1377   1377   1377 
   1494   1494   1494 
   1611   1611   1611 
   1728   1728   1728 
    216    216    216 
    342    342    342 
    468    468    468 
    594    594    594 
    720    720    720 
    846    846    846 
    972    972    972 
   1098   1098   1098 
   1224   1224   1224 
   1350   1350   1350 
   1476   1476   1476 
   1602   1602   1602 
   1728   1728   1728 
   1854   1854   1854 
