    350 
    400 
    450 
    500 
    550 
    600 
    650 
    700 
    750 
    800 
    850 
    900 
    400 
    475 
    550 
    625 
    700 
    775 
    850 
    925 
   1000 
   1075 
   1150 
   1225 
    450 
    550 
    650 
    750 
    850 
    950 
   1050 
   1150 
   1250 
   1350 
   1450 
   1550 
    500 
    625 
    750 
    875 
   1000 
   1125 
   1250 
   1375 
   1500 
   1625 
   1750 
   1875 
    550 
    700 
    850 
   1000 
   1150 
   1300 
   1450 
   1600 
   1750 
   1900 
   2050 
   2200 
    600 
    775 
    950 
   1125 
   1300 
   1475 
   1650 
   1825 
   2000 
   2175 
   2350 
   2525 
    650 
    850 
   1050 
   1250 
   1450 
   1650 
   1850 
   2050 
   2250 
   2450 
   2650 
   2850 
    700 
    925 
   1150 
   1375 
   1600 
   1825 
   2050 
   2275 
   2500 
   2725 
   2950 
   3175 
    750 
   1000 
   1250 
   1500 
   1750 
   2000 
   2250 
   2500 
   2750 
   3000 
   3250 
   3500 
    800 
   1075 
   1350 
   1625 
   1900 
   2175 
   2450 
   2725 
   3000 
   3275 
   3550 
   3825 
    850 
   1150 
   1450 
   1750 
   2050 
   2350 
   2650 
   2950 
   3250 
   3550 
   3850 
   4150 
    900 
   1225 
   1550 
   1875 
   2200 
   2525 
   2850 
   3175 
   3500 
   3825 
   4150 
   4475 
