    99    99    99    99     0     0     0     0     0     0     0     0     0     0     0     0
   108   108   108   108     0     0     0     0     0     0     0     0     0     0     0     0
   117   117   117   117     0     0     0     0     0     0     0     0     0     0     0     0
   126   126   126   126     0     0     0     0     0     0     0     0     0     0     0     0
   135   135   135   135     0     0     0     0     0     0     0     0     0     0     0     0
   144   144   144   144     0     0     0     0     0     0     0     0     0     0     0     0
   153   153   153   153     0     0     0     0     0     0     0     0     0     0     0     0
   162   162   162   162     0     0     0     0     0     0     0     0     0     0     0     0
   171   171   171   171     0     0     0     0     0     0     0     0     0     0     0     0
   180   180   180   180     0     0     0     0     0     0     0     0     0     0     0     0
   189   189   189   189     0     0     0     0     0     0     0     0     0     0     0     0
   198   198   198   198     0     0     0     0     0     0     0     0     0     0     0     0
   207   207   207   207     0     0     0     0     0     0     0     0     0     0     0     0
   216   216   216   216     0     0     0     0     0     0     0     0     0     0     0     0
   108   108   108   108     0     0     0     0     0     0     0     0     0     0     0     0
   126   126   126   126     0     0     0     0     0     0     0     0     0     0     0     0
   144   144   144   144     0     0     0     0     0     0     0     0     0     0     0     0
   162   162   162   162     0     0     0     0     0     0     0     0     0     0     0     0
   180   180   180   180     0     0     0     0     0     0     0     0     0     0     0     0
   198   198   198   198     0     0     0     0     0     0     0     0     0     0     0     0
   216   216   216   216     0     0     0     0     0     0     0     0     0     0     0     0
   234   234   234   234     0     0     0     0     0     0     0     0     0     0     0     0
   252   252   252   252     0     0     0     0     0     0     0     0     0     0     0     0
   270   270   270   270     0     0     0     0     0     0     0     0     0     0     0     0
   288   288   288   288     0     0     0     0     0     0     0     0     0     0     0     0
   306   306   306   306     0     0     0     0     0     0     0     0     0     0     0     0
   324   324   324   324     0     0     0     0     0     0     0     0     0     0     0     0
   342   342   342   342     0     0     0     0     0     0     0     0     0     0     0     0
   117   117   117   117     0     0     0     0     0     0     0     0     0     0     0     0
   144   144   144   144     0     0     0     0     0     0     0     0     0     0     0     0
   171   171   171   171     0     0     0     0     0     0     0     0     0     0     0     0
   198   198   198   198     0     0     0     0     0     0     0     0     0     0     0     0
   225   225   225   225     0     0     0     0     0     0     0     0     0     0     0     0
   252   252   252   252     0     0     0     0     0     0     0     0     0     0     0     0
   279   279   279   279     0     0     0     0     0     0     0     0     0     0     0     0
   306   306   306   306     0     0     0     0     0     0     0     0     0     0     0     0
   333   333   333   333     0     0     0     0     0     0     0     0     0     0     0     0
   360   360   360   360     0     0     0     0     0     0     0     0     0     0     0     0
   387   387   387   387     0     0     0     0     0     0     0     0     0     0     0     0
   414   414   414   414     0     0     0     0     0     0     0     0     0     0     0     0
   441   441   441   441     0     0     0     0     0     0     0     0     0     0     0     0
   468   468   468   468     0     0     0     0     0     0     0     0     0     0     0     0
   126   126   126   126     0     0     0     0     0     0     0     0     0     0     0     0
   162   162   162   162     0     0     0     0     0     0     0     0     0     0     0     0
   198   198   198   198     0     0     0     0     0     0     0     0     0     0     0     0
   234   234   234   234     0     0     0     0     0     0     0     0     0     0     0     0
   270   270   270   270     0     0     0     0     0     0     0     0     0     0     0     0
   306   306   306   306     0     0     0     0     0     0     0     0     0     0     0     0
   342   342   342   342     0     0     0     0     0     0     0     0     0     0     0     0
   378   378   378   378     0     0     0     0     0     0     0     0     0     0     0     0
   414   414   414   414     0     0     0     0     0     0     0     0     0     0     0     0
   450   450   450   450     0     0     0     0     0     0     0     0     0     0     0     0
   486   486   486   486     0     0     0     0     0     0     0     0     0     0     0     0
   522   522   522   522     0     0     0     0     0     0     0     0     0     0     0     0
   558   558   558   558     0     0     0     0     0     0     0     0     0     0     0     0
   594   594   594   594     0     0     0     0     0     0     0     0     0     0     0     0
   135   135   135   135     0     0     0     0     0     0     0     0     0     0     0     0
   180   180   180   180     0     0     0     0     0     0     0     0     0     0     0     0
   225   225   225   225     0     0     0     0     0     0     0     0     0     0     0     0
   270   270   270   270     0     0     0     0     0     0     0     0     0     0     0     0
   315   315   315   315     0     0     0     0     0     0     0     0     0     0     0     0
   360   360   360   360     0     0     0     0     0     0     0     0     0     0     0     0
   405   405   405   405     0     0     0     0     0     0     0     0     0     0     0     0
   450   450   450   450     0     0     0     0     0     0     0     0     0     0     0     0
   495   495   495   495     0     0     0     0     0     0     0     0     0     0     0     0
   540   540   540   540     0     0     0     0     0     0     0     0     0     0     0     0
   585   585   585   585     0     0     0     0     0     0     0     0     0     0     0     0
   630   630   630   630     0     0     0     0     0     0     0     0     0     0     0     0
   675   675   675   675     0     0     0     0     0     0     0     0     0     0     0     0
   720   720   720   720     0     0     0     0     0     0     0     0     0     0     0     0
   144   144   144   144     0     0     0     0     0     0     0     0     0     0     0     0
   198   198   198   198     0     0     0     0     0     0     0     0     0     0     0     0
   252   252   252   252     0     0     0     0     0     0     0     0     0     0     0     0
   306   306   306   306     0     0     0     0     0     0     0     0     0     0     0     0
   360   360   360   360     0     0     0     0     0     0     0     0     0     0     0     0
   414   414   414   414     0     0     0     0     0     0     0     0     0     0     0     0
   468   468   468   468     0     0     0     0     0     0     0     0     0     0     0     0
   522   522   522   522     0     0     0     0     0     0     0     0     0     0     0     0
   576   576   576   576     0     0     0     0     0     0     0     0     0     0     0     0
   630   630   630   630     0     0     0     0     0     0     0     0     0     0     0     0
   684   684   684   684     0     0     0     0     0     0     0     0     0     0     0     0
   738   738   738   738     0     0     0     0     0     0     0     0     0     0     0     0
   792   792   792   792     0     0     0     0     0     0     0     0     0     0     0     0
   846   846   846   846     0     0     0     0     0     0     0     0     0     0     0     0
   153   153   153   153     0     0     0     0     0     0     0     0     0     0     0     0
   216   216   216   216     0     0     0     0     0     0     0     0     0     0     0     0
   279   279   279   279     0     0     0     0     0     0     0     0     0     0     0     0
   342   342   342   342     0     0     0     0     0     0     0     0     0     0     0     0
   405   405   405   405     0     0     0     0     0     0     0     0     0     0     0     0
   468   468   468   468     0     0     0     0     0     0     0     0     0     0     0     0
   531   531   531   531     0     0     0     0     0     0     0     0     0     0     0     0
   594   594   594   594     0     0     0     0     0     0     0     0     0     0     0     0
   657   657   657   657     0     0     0     0     0     0     0     0     0     0     0     0
   720   720   720   720     0     0     0     0     0     0     0     0     0     0     0     0
   783   783   783   783     0     0     0     0     0     0     0     0     0     0     0     0
   846   846   846   846     0     0     0     0     0     0     0     0     0     0     0     0
   909   909   909   909     0     0     0     0     0     0     0     0     0     0     0     0
   972   972   972   972     0     0     0     0     0     0     0     0     0     0     0     0
   162   162   162   162     0     0     0     0     0     0     0     0     0     0     0     0
   234   234   234   234     0     0     0     0     0     0     0     0     0     0     0     0
   306   306   306   306     0     0     0     0     0     0     0     0     0     0     0     0
   378   378   378   378     0     0     0     0     0     0     0     0     0     0     0     0
   450   450   450   450     0     0     0     0     0     0     0     0     0     0     0     0
   522   522   522   522     0     0     0     0     0     0     0     0     0     0     0     0
   594   594   594   594     0     0     0     0     0     0     0     0     0     0     0     0
   666   666   666   666     0     0     0     0     0     0     0     0     0     0     0     0
   738   738   738   738     0     0     0     0     0     0     0     0     0     0     0     0
   810   810   810   810     0     0     0     0     0     0     0     0     0     0     0     0
   882   882   882   882     0     0     0     0     0     0     0     0     0     0     0     0
   954   954   954   954     0     0     0     0     0     0     0     0     0     0     0     0
  1026  1026  1026  1026     0     0     0     0     0     0     0     0     0     0     0     0
  1098  1098  1098  1098     0     0     0     0     0     0     0     0     0     0     0     0
   171   171   171   171     0     0     0     0     0     0     0     0     0     0     0     0
   252   252   252   252     0     0     0     0     0     0     0     0     0     0     0     0
   333   333   333   333     0     0     0     0     0     0     0     0     0     0     0     0
   414   414   414   414     0     0     0     0     0     0     0     0     0     0     0     0
   495   495   495   495     0     0     0     0     0     0     0     0     0     0     0     0
   576   576   576   576     0     0     0     0     0     0     0     0     0     0     0     0
   657   657   657   657     0     0     0     0     0     0     0     0     0     0     0     0
   738   738   738   738     0     0     0     0     0     0     0     0     0     0     0     0
   819   819   819   819     0     0     0     0     0     0     0     0     0     0     0     0
   900   900   900   900     0     0     0     0     0     0     0     0     0     0     0     0
   981   981   981   981     0     0     0     0     0     0     0     0     0     0     0     0
  1062  1062  1062  1062     0     0     0     0     0     0     0     0     0     0     0     0
  1143  1143  1143  1143     0     0     0     0     0     0     0     0     0     0     0     0
  1224  1224  1224  1224     0     0     0     0     0     0     0     0     0     0     0     0
   180   180   180   180     0     0     0     0     0     0     0     0     0     0     0     0
   270   270   270   270     0     0     0     0     0     0     0     0     0     0     0     0
   360   360   360   360     0     0     0     0     0     0     0     0     0     0     0     0
   450   450   450   450     0     0     0     0     0     0     0     0     0     0     0     0
   540   540   540   540     0     0     0     0     0     0     0     0     0     0     0     0
   630   630   630   630     0     0     0     0     0     0     0     0     0     0     0     0
   720   720   720   720     0     0     0     0     0     0     0     0     0     0     0     0
   810   810   810   810     0     0     0     0     0     0     0     0     0     0     0     0
   900   900   900   900     0     0     0     0     0     0     0     0     0     0     0     0
   990   990   990   990     0     0     0     0     0     0     0     0     0     0     0     0
  1080  1080  1080  1080     0     0     0     0     0     0     0     0     0     0     0     0
  1170  1170  1170  1170     0     0     0     0     0     0     0     0     0     0     0     0
  1260  1260  1260  1260     0     0     0     0     0     0     0     0     0     0     0     0
  1350  1350  1350  1350     0     0     0     0     0     0     0     0     0     0     0     0
   189   189   189   189     0     0     0     0     0     0     0     0     0     0     0     0
   288   288   288   288     0     0     0     0     0     0     0     0     0     0     0     0
   387   387   387   387     0     0     0     0     0     0     0     0     0     0     0     0
   486   486   486   486     0     0     0     0     0     0     0     0     0     0     0     0
   585   585   585   585     0     0     0     0     0     0     0     0     0     0     0     0
   684   684   684   684     0     0     0     0     0     0     0     0     0     0     0     0
   783   783   783   783     0     0     0     0     0     0     0     0     0     0     0     0
   882   882   882   882     0     0     0     0     0     0     0     0     0     0     0     0
   981   981   981   981     0     0     0     0     0     0     0     0     0     0     0     0
  1080  1080  1080  1080     0     0     0     0     0     0     0     0     0     0     0     0
  1179  1179  1179  1179     0     0     0     0     0     0     0     0     0     0     0     0
  1278  1278  1278  1278     0     0     0     0     0     0     0     0     0     0     0     0
  1377  1377  1377  1377     0     0     0     0     0     0     0     0     0     0     0     0
  1476  1476  1476  1476     0     0     0     0     0     0     0     0     0     0     0     0
   198   198   198   198     0     0     0     0     0     0     0     0     0     0     0     0
   306   306   306   306     0     0     0     0     0     0     0     0     0     0     0     0
   414   414   414   414     0     0     0     0     0     0     0     0     0     0     0     0
   522   522   522   522     0     0     0     0     0     0     0     0     0     0     0     0
   630   630   630   630     0     0     0     0     0     0     0     0     0     0     0     0
   738   738   738   738     0     0     0     0     0     0     0     0     0     0     0     0
   846   846   846   846     0     0     0     0     0     0     0     0     0     0     0     0
   954   954   954   954     0     0     0     0     0     0     0     0     0     0     0     0
  1062  1062  1062  1062     0     0     0     0     0     0     0     0     0     0     0     0
  1170  1170  1170  1170     0     0     0     0     0     0     0     0     0     0     0     0
  1278  1278  1278  1278     0     0     0     0     0     0     0     0     0     0     0     0
  1386  1386  1386  1386     0     0     0     0     0     0     0     0     0     0     0     0
  1494  1494  1494  1494     0     0     0     0     0     0     0     0     0     0     0     0
  1602  1602  1602  1602     0     0     0     0     0     0     0     0     0     0     0     0
   207   207   207   207     0     0     0     0     0     0     0     0     0     0     0     0
   324   324   324   324     0     0     0     0     0     0     0     0     0     0     0     0
   441   441   441   441     0     0     0     0     0     0     0     0     0     0     0     0
   558   558   558   558     0     0     0     0     0     0     0     0     0     0     0     0
   675   675   675   675     0     0     0     0     0     0     0     0     0     0     0     0
   792   792   792   792     0     0     0     0     0     0     0     0     0     0     0     0
   909   909   909   909     0     0     0     0     0     0     0     0     0     0     0     0
  1026  1026  1026  1026     0     0     0     0     0     0     0     0     0     0     0     0
  1143  1143  1143  1143     0     0     0     0     0     0     0     0     0     0     0     0
  1260  1260  1260  1260     0     0     0     0     0     0     0     0     0     0     0     0
  1377  1377  1377  1377     0     0     0     0     0     0     0     0     0     0     0     0
  1494  1494  1494  1494     0     0     0     0     0     0     0     0     0     0     0     0
  1611  1611  1611  1611     0     0     0     0     0     0     0     0     0     0     0     0
  1728  1728  1728  1728     0     0     0     0     0     0     0     0     0     0     0     0
   216   216   216   216     0     0     0     0     0     0     0     0     0     0     0     0
   342   342   342   342     0     0     0     0     0     0     0     0     0     0     0     0
   468   468   468   468     0     0     0     0     0     0     0     0     0     0     0     0
   594   594   594   594     0     0     0     0     0     0     0     0     0     0     0     0
   720   720   720   720     0     0     0     0     0     0     0     0     0     0     0     0
   846   846   846   846     0     0     0     0     0     0     0     0     0     0     0     0
   972   972   972   972     0     0     0     0     0     0     0     0     0     0     0     0
  1098  1098  1098  1098     0     0     0     0     0     0     0     0     0     0     0     0
  1224  1224  1224  1224     0     0     0     0     0     0     0     0     0     0     0     0
  1350  1350  1350  1350     0     0     0     0     0     0     0     0     0     0     0     0
  1476  1476  1476  1476     0     0     0     0     0     0     0     0     0     0     0     0
  1602  1602  1602  1602     0     0     0     0     0     0     0     0     0     0     0     0
  1728  1728  1728  1728     0     0     0     0     0     0     0     0     0     0     0     0
  1854  1854  1854  1854     0     0     0     0     0     0     0     0     0     0     0     0
